1.0000000 0.0000000 0.0000000 1.0000000 0.0000 0.0000 cm
/GS11 gs
/OC /Pr12 BDC
q
/GS13 gs
/CS14 cs 1.0000 scn
18.1276 25.0668 m
17.3860 25.9413 16.3259 26.3789 14.9471 26.3789 c
13.0346 26.3789 11.5883 25.6745 10.6098 24.2666 c
9.8983 25.6745 8.6598 26.3789 6.8953 26.3789 c
5.1460 26.3789 3.8628 25.6890 3.0472 24.3108 c
2.9140 24.3108 l
2.4466 26.0674 l
0.0000 26.0674 l
0.0000 14.2345 l
3.1586 14.2345 l
3.1586 20.1067 l
3.1586 21.2482 3.4033 22.1380 3.8925 22.7758 c
4.3965 23.4283 5.0859 23.7543 5.9613 23.7543 c
7.3553 23.7543 8.0518 22.9235 8.0518 21.2635 c
8.0518 14.2345 l
11.2099 14.2345 l
11.2099 20.1067 l
11.2099 21.2482 11.4545 22.1380 11.9441 22.7758 c
12.4483 23.4283 13.1380 23.7543 14.0125 23.7543 c
15.4063 23.7543 16.1033 22.9235 16.1033 21.2635 c
16.1033 14.2345 l
19.2617 14.2345 l
19.2617 21.3746 l
19.2617 22.9606 18.8836 24.1917 18.1276 25.0668 c
h
59.6588 26.0677 m
59.6588 23.3538 l
62.0388 23.3538 l
62.0388 18.5278 l
62.0388 15.4582 63.5814 13.9229 66.6655 13.9229 c
68.0292 13.9229 69.0599 14.1012 69.7569 14.4570 c
69.7569 17.1040 l
69.3567 17.1040 l
69.1560 16.9929 l
69.0231 16.9339 68.7852 16.8667 68.4442 16.7927 c
68.1188 16.7185 67.7701 16.6813 67.3994 16.6813 c
66.5983 16.6813 66.0274 16.8446 65.6864 17.1703 c
65.3601 17.5122 65.1971 18.0899 65.1971 18.9060 c
65.1971 23.3538 l
69.7569 23.3538 l
69.7569 26.0677 l
65.1971 26.0677 l
65.1971 29.2929 l
64.7963 29.2929 l
62.0388 28.5591 l
62.0388 26.0677 l
h
h
42.8837 2.0682 m
43.0174 2.0682 l
43.5061 0.3112 l
45.9309 0.3112 l
45.9309 9.4303 l
47.8332 9.4303 l
47.8332 4.6043 l
47.8332 1.5344 49.3753 0.0000 52.4597 0.0000 c
53.8237 0.0000 54.8544 0.1777 55.5508 0.5329 c
55.5508 3.1805 l
55.1506 3.1805 l
54.9505 3.0694 l
54.8178 3.0098 54.5800 2.9429 54.2387 2.8695 c
53.9124 2.7947 53.5637 2.7575 53.1930 2.7575 c
52.3930 2.7575 51.8219 2.9208 51.4809 3.2468 c
51.1546 3.5878 50.9913 4.1666 50.9913 4.9819 c
50.9913 9.4303 l
55.5508 9.4303 l
55.5508 12.1436 l
50.9913 12.1436 l
50.9913 14.2345 l
51.0168 14.2345 l
51.0168 20.1061 l
51.0168 21.2479 51.2691 22.1377 51.7731 22.7761 c
52.2921 23.4278 53.0192 23.7540 53.9532 23.7540 c
55.3768 23.7540 56.0880 22.9243 56.0880 21.2635 c
56.0880 14.2345 l
59.2466 14.2345 l
59.2466 21.3744 l
59.2466 22.9612 58.8611 24.1920 58.0904 25.0671 c
57.3341 25.9410 56.2510 26.3789 54.8425 26.3789 c
53.0929 26.3789 51.7813 25.6893 50.9060 24.3102 c
50.7946 24.3102 l
50.3053 26.0677 l
47.8585 26.0677 l
47.8585 14.6418 l
47.8332 14.6350 l
47.8332 12.1436 l
45.9309 12.1436 l
45.4533 12.1436 l
42.7725 12.1436 l
42.7725 6.2719 l
42.7725 5.1154 42.5126 4.2185 41.9939 3.5813 c
41.4896 2.9429 40.7778 2.6243 39.8591 2.6243 c
38.4202 2.6243 37.7014 3.4549 37.7014 5.1154 c
37.7014 12.1436 l
34.5430 12.1436 l
34.5430 4.9819 l
34.5430 3.9288 34.7134 3.0249 35.0544 2.2686 c
35.4101 1.5270 35.9144 0.9635 36.5664 0.5783 c
37.2339 0.1930 38.0268 0.0000 38.9469 0.0000 c
40.6967 0.0000 42.0083 0.6891 42.8837 2.0682 c
h
31.5558 11.1433 m
30.7996 12.0180 29.7170 12.4554 28.3088 12.4554 c
26.5589 12.4554 25.2465 11.7658 24.3717 10.3873 c
24.2603 10.3873 l
23.7711 12.1436 l
21.3245 12.1436 l
21.3245 0.3112 l
24.4828 0.3112 l
24.4828 6.1835 l
24.4828 7.3247 24.7351 8.2148 25.2391 8.8523 c
25.7579 9.5049 26.4844 9.8308 27.4187 9.8308 c
28.8422 9.8308 29.5540 9.0003 29.5540 7.3397 c
29.5540 0.3112 l
32.7127 0.3112 l
32.7127 7.4511 l
32.7127 9.0377 32.3269 10.2682 31.5558 11.1433 c
h
59.7163 10.1642 m
59.5828 10.1642 l
59.0936 12.1439 l
56.6467 12.1439 l
56.6467 0.3112 l
59.8054 0.3112 l
59.8054 4.9153 l
59.8054 8.0739 60.7547 9.6525 62.6519 9.6525 c
63.0669 9.6525 63.3861 9.5939 63.6083 9.4751 c
64.0089 9.4751 l
64.0089 12.3219 l
63.9196 12.3661 l
63.8606 12.3814 63.7642 12.3959 63.6313 12.4112 c
63.4975 12.4407 63.3489 12.4554 63.1857 12.4554 c
61.6442 12.4554 60.4874 11.6918 59.7163 10.1642 c
h
71.6241 5.2044 m
71.6241 5.1599 l
71.6241 4.3146 71.3426 3.6176 70.7794 3.0694 c
70.2300 2.5209 69.5032 2.2462 68.5993 2.2462 c
67.3985 2.2462 66.7981 2.7213 66.7981 3.6703 c
66.7981 3.8477 66.8126 4.0037 66.8424 4.1366 c
66.8863 4.2854 66.9458 4.4186 67.0201 4.5374 c
67.0944 4.6562 67.1910 4.7526 67.3089 4.8266 c
67.4280 4.9150 67.5618 4.9819 67.7100 5.0264 c
67.8728 5.0859 68.0587 5.1304 68.2659 5.1599 c
68.4734 5.1897 68.7030 5.2044 68.9556 5.2044 c
h
h
64.2172 8.3854 m
67.3761 8.3854 l
67.3761 8.9487 67.5465 9.3563 67.8875 9.6083 c
68.2291 9.8753 68.7705 10.0083 69.5117 10.0083 c
70.9345 10.0083 71.6462 9.5417 71.6462 8.6077 c
71.6462 7.2734 l
68.9556 7.2734 l
65.3817 7.2734 63.5950 6.0123 63.5950 3.4920 c
63.5950 2.3944 63.9729 1.5420 64.7289 0.9343 c
65.4854 0.3407 66.5459 0.0445 67.9102 0.0445 c
68.3691 0.0445 68.7994 0.0887 69.1999 0.1780 c
69.5999 0.2523 69.9636 0.3555 70.2899 0.4893 c
70.6164 0.6372 70.8979 0.8226 71.1346 1.0451 c
71.3871 1.2674 71.5946 1.5123 71.7579 1.7790 c
71.8693 1.7790 l
71.8693 1.7348 l
71.8693 1.1120 72.0023 0.6372 72.2696 0.3112 c
75.0937 0.3112 l
75.0937 0.7112 l
75.0274 0.8895 l
74.9684 0.9938 74.9086 1.1863 74.8494 1.4678 c
74.8052 1.7498 74.7828 2.0534 74.7828 2.3800 c
74.7828 8.5190 l
74.7828 9.7639 74.3156 10.7209 73.3816 11.3873 c
72.4479 12.0699 71.1575 12.4112 69.5117 12.4112 c
67.8209 12.4112 66.5161 12.0628 65.5965 11.3655 c
64.6770 10.6688 64.2172 9.6755 64.2172 8.3854 c
h
31.2902 19.2526 m
31.6077 18.5298 32.0528 18.0550 32.6075 17.8396 c
32.7470 17.7843 32.8887 17.7548 33.0267 17.7347 c
33.1472 18.0085 33.2529 18.2917 33.3326 18.5899 c
34.2026 21.8574 32.1996 25.2479 28.8573 26.1652 c
26.0033 26.9467 23.1032 25.6691 21.7735 23.2430 c
21.8594 22.9510 21.9730 22.7500 22.1145 22.6514 c
22.3611 22.4813 22.7917 22.5714 23.2523 22.6681 c
24.1792 22.8617 25.5861 23.1557 26.2191 21.0427 c
26.3747 20.5217 26.5827 20.1886 26.8311 20.0534 c
27.1877 19.8624 27.7157 20.0310 28.2747 20.2065 c
29.1813 20.4948 30.5535 20.9262 31.2902 19.2526 c
h
32.5911 16.9004 m
32.4958 16.9254 32.4009 16.9537 32.3045 16.9900 c
32.3022 16.9931 l
31.5119 17.2942 30.8968 17.9306 30.4758 18.8870 c
30.0790 19.7895 29.5668 19.6705 28.5418 19.3459 c
27.8631 19.1305 27.0984 18.8878 26.4175 19.2549 c
25.9441 19.5080 25.6005 20.0064 25.3698 20.7797 c
24.9735 22.1026 24.3950 21.9807 23.4363 21.7828 c
22.8436 21.6578 22.1746 21.5181 21.6159 21.9044 c
21.5067 21.9779 21.4118 22.0728 21.3216 22.1788 c
21.2939 22.0881 21.2573 22.0003 21.2321 21.9064 c
20.3618 18.6384 22.3656 15.2484 25.7080 14.3306 c
28.4202 13.5873 31.1834 14.7033 32.5911 16.9004 c
h
43.2037 15.9919 m
43.3372 15.9919 l
43.8259 14.2345 l
46.2509 14.2345 l
46.2509 26.0674 l
43.0929 26.0674 l
43.0929 20.1954 l
43.0929 19.0392 42.8329 18.1417 42.3139 17.5042 c
41.8096 16.8667 41.0978 16.5478 40.1783 16.5478 c
38.7408 16.5478 38.0208 17.3778 38.0208 19.0392 c
38.0208 26.0674 l
34.8627 26.0674 l
34.8627 18.9060 l
34.8627 17.8526 35.0334 16.9481 35.3744 16.1921 c
35.7301 15.4508 36.2341 14.8873 36.8867 14.5015 c
37.5540 14.1163 38.3471 13.9229 39.2669 13.9229 c
41.0165 13.9229 42.3286 14.6126 43.2037 15.9919 c
f
/GS13 gs
0.0000 0.0000 0.0000 1.0000 k
72.9774 32.5573 m
73.8780 32.5573 74.6079 31.8297 74.6079 30.9322 c
74.6079 30.0351 73.8780 29.3074 72.9774 29.3074 c
72.0768 29.3074 71.3469 30.0351 71.3469 30.9322 c
71.3469 31.8297 72.0768 32.5573 72.9774 32.5573 c
h
72.6301 30.6978 m
72.6301 29.7918 l
72.1834 29.7918 l
72.1834 32.0723 l
72.9309 32.0723 l
73.1565 32.0723 73.3334 32.0131 73.4621 31.8946 c
73.5905 31.7758 73.6549 31.6108 73.6549 31.3999 c
73.6549 31.2806 73.6282 31.1783 73.5744 31.0921 c
73.5208 31.0059 73.4428 30.9370 73.3402 30.8860 c
73.4573 30.8460 73.5420 30.7806 73.5945 30.6884 c
73.6458 30.5963 73.6722 30.4815 73.6722 30.3437 c
73.6722 30.1825 l
73.6722 30.1195 73.6792 30.0526 73.6943 29.9809 c
73.7087 29.9092 73.7345 29.8573 73.7711 29.8253 c
73.7711 29.7918 l
73.3085 29.7918 l
73.2722 29.8253 73.2489 29.8797 73.2393 29.9546 c
73.2294 30.0297 73.2254 30.1062 73.2254 30.1850 c
73.2254 30.3395 l
73.2254 30.4532 73.2016 30.5413 73.1551 30.6040 c
73.1081 30.6666 73.0417 30.6978 72.9547 30.6978 c
h
h
72.6301 31.0541 m
72.9292 31.0541 l
73.0208 31.0541 73.0899 31.0819 73.1373 31.1372 c
73.1846 31.1927 73.2076 31.2715 73.2076 31.3736 c
73.2076 31.4787 73.1846 31.5618 73.1373 31.6233 c
73.0899 31.6848 73.0213 31.7160 72.9309 31.7160 c
72.6301 31.7160 l
h
h
70.8684 30.7284 m
70.8690 30.8908 70.8647 31.0541 70.8871 31.2114 c
70.9404 31.5822 71.0946 31.9706 71.3378 32.2549 c
71.4129 32.3396 l
71.4657 32.4071 71.5822 32.5171 71.6502 32.5681 c
71.7917 32.6724 l
72.2656 32.9896 72.8609 33.1311 73.4933 32.9757 c
74.0948 32.8283 74.6045 32.4156 74.8772 31.8637 c
75.0696 31.4748 75.1343 31.0459 75.0694 30.6062 c
75.0124 30.2199 74.8176 29.8094 74.5563 29.5288 c
74.5061 29.4752 74.4262 29.3933 74.3703 29.3454 c
74.2124 29.2209 l
73.7640 28.9216 73.4349 28.8281 72.8597 28.8281 c
72.1936 28.8281 71.5258 28.8230 70.8610 28.8281 c
70.8642 29.5189 70.8659 30.0073 70.8684 30.7284 c
f*
Q
EMC
